(kicad_pcb (version 20171130) (host pcbnew 5.1.9)

  (general
    (thickness 1.6)
    (drawings 223)
    (tracks 2510)
    (zones 0)
    (modules 197)
    (nets 203)
  )

  (page A4)
  (layers
    (0 Top signal)
    (1 GND power hide)
    (2 Power power)
    (31 Bottom signal)
    (32 B.Adhes user)
    (33 F.Adhes user)
    (34 B.Paste user)
    (35 F.Paste user)
    (36 B.SilkS user)
    (37 F.SilkS user)
    (38 B.Mask user)
    (39 F.Mask user)
    (40 Dwgs.User user)
    (41 Cmts.User user)
    (42 Eco1.User user)
    (43 Eco2.User user)
    (44 Edge.Cuts user)
    (45 Margin user)
    (46 B.CrtYd user)
    (47 F.CrtYd user)
    (48 B.Fab user hide)
    (49 F.Fab user hide)
  )

  (setup
    (last_trace_width 0.254)
    (user_trace_width 0.254)
    (user_trace_width 0.381)
    (user_trace_width 0.508)
    (user_trace_width 1.27)
    (trace_clearance 0.127)
    (zone_clearance 0.508)
    (zone_45_only no)
    (trace_min 0.127)
    (via_size 0.5)
    (via_drill 0.2)
    (via_min_size 0.5)
    (via_min_drill 0.2)
    (user_via 0.5 0.2)
    (user_via 0.6 0.3)
    (uvia_size 0.3)
    (uvia_drill 0.1)
    (uvias_allowed no)
    (uvia_min_size 0.2)
    (uvia_min_drill 0.1)
    (edge_width 0.05)
    (segment_width 0.2)
    (pcb_text_width 0.3)
    (pcb_text_size 1.5 1.5)
    (mod_edge_width 0.15)
    (mod_text_size 1 1)
    (mod_text_width 0.15)
    (pad_size 4.7 4.7)
    (pad_drill 2.7)
    (pad_to_mask_clearance 0)
    (aux_axis_origin 0 0)
    (visible_elements FFFFF77F)
    (pcbplotparams
      (layerselection 0x010fc_ffffffff)
      (usegerberextensions false)
      (usegerberattributes false)
      (usegerberadvancedattributes false)
      (creategerberjobfile false)
      (excludeedgelayer true)
      (linewidth 0.100000)
      (plotframeref false)
      (viasonmask false)
      (mode 1)
      (useauxorigin false)
      (hpglpennumber 1)
      (hpglpenspeed 20)
      (hpglpendiameter 15.000000)
      (psnegative false)
      (psa4output false)
      (plotreference true)
      (plotvalue true)
      (plotinvisibletext false)
      (padsonsilk false)
      (subtractmaskfromsilk false)
      (outputformat 4)
      (mirror false)
      (drillshape 0)
      (scaleselection 1)
      (outputdirectory "../PDF/"))
  )

  (net 0 "")
  (net 1 GND)
  (net 2 +3V3)
  (net 3 "Net-(C208-Pad1)")
  (net 4 Earth)
  (net 5 "Net-(C211-Pad1)")
  (net 6 /MCU/MCU_VDDA)
  (net 7 "Net-(C401-Pad1)")
  (net 8 +5V)
  (net 9 "Net-(D201-Pad2)")
  (net 10 "Net-(D201-Pad1)")
  (net 11 "Net-(D202-Pad2)")
  (net 12 "Net-(D202-Pad1)")
  (net 13 /Relays/RELAY1A)
  (net 14 /Relays/RELAY3A)
  (net 15 /Relays/RELAY6A)
  (net 16 /Relays/RELAY7A)
  (net 17 /Relays/RELAY8A)
  (net 18 /Relays/RELAY9A)
  (net 19 /Relays/RELAY10A)
  (net 20 /Relays/RELAY11A)
  (net 21 /Relays/RELAY12A)
  (net 22 /Relays/RELAY13A)
  (net 23 /Relays/RELAY14A)
  (net 24 /Relays/RELAY15A)
  (net 25 /Relays/RELAY16A)
  (net 26 /Relays/RELAY1B)
  (net 27 /Relays/RELAY3B)
  (net 28 /Relays/RELAY6B)
  (net 29 /Relays/RELAY7B)
  (net 30 /Relays/RELAY8B)
  (net 31 /Relays/RELAY9B)
  (net 32 /Relays/RELAY10B)
  (net 33 /Relays/RELAY11B)
  (net 34 /Relays/RELAY12B)
  (net 35 /Relays/RELAY13B)
  (net 36 /Relays/RELAY14B)
  (net 37 /Relays/RELAY15B)
  (net 38 /Relays/RELAY16B)
  (net 39 /Relays/RELAY1C)
  (net 40 /Relays/RELAY3C)
  (net 41 /Relays/RELAY6C)
  (net 42 /Relays/RELAY7C)
  (net 43 /Relays/RELAY8C)
  (net 44 /Relays/RELAY9C)
  (net 45 /Relays/RELAY10C)
  (net 46 /Relays/RELAY11C)
  (net 47 /Relays/RELAY12C)
  (net 48 /Relays/RELAY13C)
  (net 49 /Relays/RELAY14C)
  (net 50 /Relays/RELAY15C)
  (net 51 /Relays/RELAY16C)
  (net 52 /Relays/RELAYA)
  (net 53 /Relays/RELAYB)
  (net 54 /Relays/RELAYC)
  (net 55 /Relays/RELAYD)
  (net 56 /Relays/RELAYE)
  (net 57 /Relays/RELAYF)
  (net 58 +24V)
  (net 59 /MCU/MCU_TDI)
  (net 60 /MCU/MCU_TDO)
  (net 61 /MCU/MCU_TCK_SWCLK)
  (net 62 /MCU/MCU_TMS_SWDIO)
  (net 63 /MCU/MCU_DEFAULT)
  (net 64 /Relays/PIN1)
  (net 65 /Relays/PIN2)
  (net 66 /Relays/PIN3)
  (net 67 /Relays/PIN4)
  (net 68 /Relays/PIN5)
  (net 69 /Relays/PIN6)
  (net 70 /Relays/PIN7)
  (net 71 /Relays/PIN8)
  (net 72 /Relays/PIN9)
  (net 73 /Relays/PIN10)
  (net 74 /Relays/PIN11)
  (net 75 /Relays/PIN12)
  (net 76 /Relays/PIN13)
  (net 77 /Relays/PIN14)
  (net 78 /Relays/PIN15)
  (net 79 /Relays/PIN16)
  (net 80 /Connector/RX-)
  (net 81 /Connector/RX+)
  (net 82 /Connector/TX-)
  (net 83 /Connector/TX+)
  (net 84 /Connector/A)
  (net 85 /Connector/B)
  (net 86 /Connector/C)
  (net 87 /Connector/D)
  (net 88 /Connector/E)
  (net 89 /Connector/F)
  (net 90 /Relays/PIN10A)
  (net 91 /Relays/PIN10B)
  (net 92 /Relays/PIN10C)
  (net 93 /Ethernet/ETH_TXP)
  (net 94 /Ethernet/ETH_TXN)
  (net 95 /Ethernet/ETH_RXP)
  (net 96 /Ethernet/ETH_RXN)
  (net 97 "Net-(L201-Pad9)")
  (net 98 "Net-(L201-Pad10)")
  (net 99 "Net-(L201-Pad11)")
  (net 100 "Net-(L201-Pad14)")
  (net 101 "Net-(L201-Pad15)")
  (net 102 "Net-(L201-Pad16)")
  (net 103 /MCU/MCU_FLASH1_CS)
  (net 104 /MCU/MCU_FLASH2_CS)
  (net 105 "Net-(C605-Pad1)")
  (net 106 "Net-(D401-Pad2)")
  (net 107 "Net-(D402-Pad1)")
  (net 108 "Net-(D403-Pad2)")
  (net 109 /Connector/MODULE_DETECT1)
  (net 110 /Connector/RELAY2_~CS3)
  (net 111 /Connector/MODULE_DETECT0)
  (net 112 /Connector/RELAY2_~CS2)
  (net 113 /Connector/RELAY2_~CS1)
  (net 114 /Connector/RELAY2_~CS0)
  (net 115 /Connector/RELAY2_~RST)
  (net 116 /Connector/RELAY2_SI)
  (net 117 /Connector/RELAY2_SO)
  (net 118 /Connector/RELAY2_SCLK)
  (net 119 "Net-(Q401-Pad1)")
  (net 120 "Net-(R401-Pad2)")
  (net 121 /MCU/MCU_SPI3_MISO)
  (net 122 /MCU/RELAY1_SI)
  (net 123 /MCU/RELAY1_SO)
  (net 124 /MCU/RELAY1_~RST)
  (net 125 /MCU/RELAY1_~CS0)
  (net 126 /MCU/RELAY1_SCLK)
  (net 127 /MCU/RELAY1_~CS2)
  (net 128 /MCU/RELAY1_~CS1)
  (net 129 /MCU/RELAY1_~CS3)
  (net 130 /MCU/MCU_SPI3_SCLK)
  (net 131 /MCU/MCU_SPI3_MOSI)
  (net 132 "Net-(F501-Pad1)")
  (net 133 "Net-(F502-Pad1)")
  (net 134 "Net-(F503-Pad1)")
  (net 135 "Net-(F504-Pad1)")
  (net 136 "Net-(F505-Pad1)")
  (net 137 "Net-(F506-Pad1)")
  (net 138 VCCQ)
  (net 139 "Net-(C213-Pad1)")
  (net 140 "Net-(C214-Pad1)")
  (net 141 "Net-(C601-Pad1)")
  (net 142 "Net-(C602-Pad1)")
  (net 143 "Net-(C606-Pad1)")
  (net 144 /Ethernet/NRST)
  (net 145 /Ethernet/RMII_RXD0)
  (net 146 /Ethernet/MODE0)
  (net 147 /Ethernet/RMII_RXD1)
  (net 148 /Ethernet/MODE1)
  (net 149 "Net-(R207-Pad1)")
  (net 150 /Ethernet/RMII_CRS_DV)
  (net 151 /Ethernet/MODE2)
  (net 152 "Net-(R209-Pad2)")
  (net 153 /Ethernet/REF_CLK)
  (net 154 /Ethernet/REFCLK0)
  (net 155 /Ethernet/RMII_MDIO)
  (net 156 "Net-(R608-Pad1)")
  (net 157 /Ethernet/RMII_MDC)
  (net 158 /Relays/PIN20)
  (net 159 /Relays/PIN19)
  (net 160 /Relays/PIN18)
  (net 161 /Relays/PIN17)
  (net 162 /Connector/RELAY2_~CS4)
  (net 163 /Relays/RELAY17A)
  (net 164 /Relays/RELAY18A)
  (net 165 /Relays/RELAY19A)
  (net 166 /Relays/RELAY20A)
  (net 167 /Relays/RELAY17B)
  (net 168 /Relays/RELAY18B)
  (net 169 /Relays/RELAY19B)
  (net 170 /Relays/RELAY20B)
  (net 171 /Relays/RELAY17C)
  (net 172 /Relays/RELAY18C)
  (net 173 /Relays/RELAY19C)
  (net 174 /Relays/RELAY20C)
  (net 175 /MCU/RELAY1_~CS4)
  (net 176 /MCU/RMII_TX1)
  (net 177 /MCU/RMII_TX0)
  (net 178 /Ethernet/RMII_TXEN)
  (net 179 /Relays/RELAY2A)
  (net 180 /Relays/RELAY4A)
  (net 181 /Relays/RELAY5A)
  (net 182 /Relays/RELAY2B)
  (net 183 /Relays/RELAY4B)
  (net 184 /Relays/RELAY5B)
  (net 185 /Relays/RELAY2C)
  (net 186 /Relays/RELAY4C)
  (net 187 /Relays/RELAY5C)
  (net 188 /Relays/RELAYBA)
  (net 189 /Relays/RELAYEA)
  (net 190 /Relays/RELAYAB)
  (net 191 /Relays/RELAYFA)
  (net 192 /MCU/ETH_CODE2)
  (net 193 /MCU/ETH_CODE3)
  (net 194 /MCU/ETH_CODE4)
  (net 195 /MCU/ETH_CODE1)
  (net 196 /MCU/ETH_CODE0)
  (net 197 "Net-(D601-Pad1)")
  (net 198 "Net-(D602-Pad1)")
  (net 199 "Net-(D603-Pad1)")
  (net 200 "Net-(R602-Pad2)")
  (net 201 "Net-(R603-Pad2)")
  (net 202 "Net-(R605-Pad2)")

  (net_class Default "This is the default net class."
    (clearance 0.127)
    (trace_width 0.127)
    (via_dia 0.5)
    (via_drill 0.2)
    (uvia_dia 0.3)
    (uvia_drill 0.1)
    (add_net +24V)
    (add_net +3V3)
    (add_net +5V)
    (add_net /Connector/MODULE_DETECT0)
    (add_net /Connector/MODULE_DETECT1)
    (add_net /Connector/RELAY2_SCLK)
    (add_net /Connector/RELAY2_SI)
    (add_net /Connector/RELAY2_SO)
    (add_net /Connector/RELAY2_~CS0)
    (add_net /Connector/RELAY2_~CS1)
    (add_net /Connector/RELAY2_~CS2)
    (add_net /Connector/RELAY2_~CS3)
    (add_net /Connector/RELAY2_~CS4)
    (add_net /Connector/RELAY2_~RST)
    (add_net /Connector/RX+)
    (add_net /Connector/RX-)
    (add_net /Connector/TX+)
    (add_net /Connector/TX-)
    (add_net /Ethernet/ETH_RXN)
    (add_net /Ethernet/ETH_RXP)
    (add_net /Ethernet/ETH_TXN)
    (add_net /Ethernet/ETH_TXP)
    (add_net /Ethernet/MODE0)
    (add_net /Ethernet/MODE1)
    (add_net /Ethernet/MODE2)
    (add_net /Ethernet/NRST)
    (add_net /Ethernet/REFCLK0)
    (add_net /Ethernet/REF_CLK)
    (add_net /Ethernet/RMII_CRS_DV)
    (add_net /Ethernet/RMII_MDC)
    (add_net /Ethernet/RMII_MDIO)
    (add_net /Ethernet/RMII_RXD0)
    (add_net /Ethernet/RMII_RXD1)
    (add_net /Ethernet/RMII_TXEN)
    (add_net /MCU/ETH_CODE0)
    (add_net /MCU/ETH_CODE1)
    (add_net /MCU/ETH_CODE2)
    (add_net /MCU/ETH_CODE3)
    (add_net /MCU/ETH_CODE4)
    (add_net /MCU/MCU_DEFAULT)
    (add_net /MCU/MCU_FLASH1_CS)
    (add_net /MCU/MCU_FLASH2_CS)
    (add_net /MCU/MCU_SPI3_MISO)
    (add_net /MCU/MCU_SPI3_MOSI)
    (add_net /MCU/MCU_SPI3_SCLK)
    (add_net /MCU/MCU_TCK_SWCLK)
    (add_net /MCU/MCU_TDI)
    (add_net /MCU/MCU_TDO)
    (add_net /MCU/MCU_TMS_SWDIO)
    (add_net /MCU/MCU_VDDA)
    (add_net /MCU/RELAY1_SCLK)
    (add_net /MCU/RELAY1_SI)
    (add_net /MCU/RELAY1_SO)
    (add_net /MCU/RELAY1_~CS0)
    (add_net /MCU/RELAY1_~CS1)
    (add_net /MCU/RELAY1_~CS2)
    (add_net /MCU/RELAY1_~CS3)
    (add_net /MCU/RELAY1_~CS4)
    (add_net /MCU/RELAY1_~RST)
    (add_net /MCU/RMII_TX0)
    (add_net /MCU/RMII_TX1)
    (add_net /Relays/RELAY10A)
    (add_net /Relays/RELAY10B)
    (add_net /Relays/RELAY10C)
    (add_net /Relays/RELAY11A)
    (add_net /Relays/RELAY11B)
    (add_net /Relays/RELAY11C)
    (add_net /Relays/RELAY12A)
    (add_net /Relays/RELAY12B)
    (add_net /Relays/RELAY12C)
    (add_net /Relays/RELAY13A)
    (add_net /Relays/RELAY13B)
    (add_net /Relays/RELAY13C)
    (add_net /Relays/RELAY14A)
    (add_net /Relays/RELAY14B)
    (add_net /Relays/RELAY14C)
    (add_net /Relays/RELAY15A)
    (add_net /Relays/RELAY15B)
    (add_net /Relays/RELAY15C)
    (add_net /Relays/RELAY16A)
    (add_net /Relays/RELAY16B)
    (add_net /Relays/RELAY16C)
    (add_net /Relays/RELAY17A)
    (add_net /Relays/RELAY17B)
    (add_net /Relays/RELAY17C)
    (add_net /Relays/RELAY18A)
    (add_net /Relays/RELAY18B)
    (add_net /Relays/RELAY18C)
    (add_net /Relays/RELAY19A)
    (add_net /Relays/RELAY19B)
    (add_net /Relays/RELAY19C)
    (add_net /Relays/RELAY1A)
    (add_net /Relays/RELAY1B)
    (add_net /Relays/RELAY1C)
    (add_net /Relays/RELAY20A)
    (add_net /Relays/RELAY20B)
    (add_net /Relays/RELAY20C)
    (add_net /Relays/RELAY2A)
    (add_net /Relays/RELAY2B)
    (add_net /Relays/RELAY2C)
    (add_net /Relays/RELAY3A)
    (add_net /Relays/RELAY3B)
    (add_net /Relays/RELAY3C)
    (add_net /Relays/RELAY4A)
    (add_net /Relays/RELAY4B)
    (add_net /Relays/RELAY4C)
    (add_net /Relays/RELAY5A)
    (add_net /Relays/RELAY5B)
    (add_net /Relays/RELAY5C)
    (add_net /Relays/RELAY6A)
    (add_net /Relays/RELAY6B)
    (add_net /Relays/RELAY6C)
    (add_net /Relays/RELAY7A)
    (add_net /Relays/RELAY7B)
    (add_net /Relays/RELAY7C)
    (add_net /Relays/RELAY8A)
    (add_net /Relays/RELAY8B)
    (add_net /Relays/RELAY8C)
    (add_net /Relays/RELAY9A)
    (add_net /Relays/RELAY9B)
    (add_net /Relays/RELAY9C)
    (add_net /Relays/RELAYA)
    (add_net /Relays/RELAYAB)
    (add_net /Relays/RELAYB)
    (add_net /Relays/RELAYBA)
    (add_net /Relays/RELAYC)
    (add_net /Relays/RELAYD)
    (add_net /Relays/RELAYE)
    (add_net /Relays/RELAYEA)
    (add_net /Relays/RELAYF)
    (add_net /Relays/RELAYFA)
    (add_net Earth)
    (add_net GND)
    (add_net "Net-(C208-Pad1)")
    (add_net "Net-(C211-Pad1)")
    (add_net "Net-(C213-Pad1)")
    (add_net "Net-(C214-Pad1)")
    (add_net "Net-(C401-Pad1)")
    (add_net "Net-(C601-Pad1)")
    (add_net "Net-(C602-Pad1)")
    (add_net "Net-(C605-Pad1)")
    (add_net "Net-(C606-Pad1)")
    (add_net "Net-(D201-Pad1)")
    (add_net "Net-(D201-Pad2)")
    (add_net "Net-(D202-Pad1)")
    (add_net "Net-(D202-Pad2)")
    (add_net "Net-(D401-Pad2)")
    (add_net "Net-(D402-Pad1)")
    (add_net "Net-(D403-Pad2)")
    (add_net "Net-(D601-Pad1)")
    (add_net "Net-(D602-Pad1)")
    (add_net "Net-(D603-Pad1)")
    (add_net "Net-(J502-Pad10)")
    (add_net "Net-(J503-PadA1)")
    (add_net "Net-(J503-PadA10)")
    (add_net "Net-(J503-PadA11)")
    (add_net "Net-(J503-PadA12)")
    (add_net "Net-(J503-PadA13)")
    (add_net "Net-(J503-PadA14)")
    (add_net "Net-(J503-PadA15)")
    (add_net "Net-(J503-PadA16)")
    (add_net "Net-(J503-PadA17)")
    (add_net "Net-(J503-PadA19)")
    (add_net "Net-(J503-PadA23)")
    (add_net "Net-(J503-PadA24)")
    (add_net "Net-(J503-PadA25)")
    (add_net "Net-(J503-PadA26)")
    (add_net "Net-(J503-PadA29)")
    (add_net "Net-(J503-PadA30)")
    (add_net "Net-(J503-PadA8)")
    (add_net "Net-(J503-PadA9)")
    (add_net "Net-(J503-PadC1)")
    (add_net "Net-(J503-PadC10)")
    (add_net "Net-(J503-PadC11)")
    (add_net "Net-(J503-PadC12)")
    (add_net "Net-(J503-PadC13)")
    (add_net "Net-(J503-PadC14)")
    (add_net "Net-(J503-PadC15)")
    (add_net "Net-(J503-PadC16)")
    (add_net "Net-(J503-PadC17)")
    (add_net "Net-(J503-PadC19)")
    (add_net "Net-(J503-PadC23)")
    (add_net "Net-(J503-PadC24)")
    (add_net "Net-(J503-PadC25)")
    (add_net "Net-(J503-PadC26)")
    (add_net "Net-(J503-PadC29)")
    (add_net "Net-(J503-PadC30)")
    (add_net "Net-(J503-PadC8)")
    (add_net "Net-(J503-PadC9)")
    (add_net "Net-(J601-Pad7)")
    (add_net "Net-(J601-Pad9)")
    (add_net "Net-(L201-Pad10)")
    (add_net "Net-(L201-Pad11)")
    (add_net "Net-(L201-Pad14)")
    (add_net "Net-(L201-Pad15)")
    (add_net "Net-(L201-Pad16)")
    (add_net "Net-(L201-Pad9)")
    (add_net "Net-(Q401-Pad1)")
    (add_net "Net-(R207-Pad1)")
    (add_net "Net-(R209-Pad2)")
    (add_net "Net-(R401-Pad2)")
    (add_net "Net-(R602-Pad2)")
    (add_net "Net-(R603-Pad2)")
    (add_net "Net-(R605-Pad2)")
    (add_net "Net-(R608-Pad1)")
    (add_net "Net-(U201-Pad2)")
    (add_net "Net-(U201-Pad3)")
    (add_net "Net-(U201-Pad6)")
    (add_net "Net-(U201-Pad7)")
    (add_net "Net-(U203-Pad2)")
    (add_net "Net-(U203-Pad3)")
    (add_net "Net-(U203-Pad6)")
    (add_net "Net-(U203-Pad7)")
    (add_net "Net-(U301-Pad29)")
    (add_net "Net-(U301-Pad30)")
    (add_net "Net-(U302-Pad30)")
    (add_net "Net-(U302-Pad32)")
    (add_net "Net-(U303-Pad30)")
    (add_net "Net-(U303-Pad32)")
    (add_net "Net-(U304-Pad12)")
    (add_net "Net-(U304-Pad13)")
    (add_net "Net-(U304-Pad15)")
    (add_net "Net-(U304-Pad16)")
    (add_net "Net-(U304-Pad17)")
    (add_net "Net-(U304-Pad30)")
    (add_net "Net-(U304-Pad32)")
    (add_net "Net-(U304-Pad5)")
    (add_net "Net-(U305-Pad30)")
    (add_net "Net-(U402-Pad5)")
    (add_net "Net-(U603-Pad10)")
    (add_net "Net-(U603-Pad100)")
    (add_net "Net-(U603-Pad101)")
    (add_net "Net-(U603-Pad102)")
    (add_net "Net-(U603-Pad103)")
    (add_net "Net-(U603-Pad104)")
    (add_net "Net-(U603-Pad11)")
    (add_net "Net-(U603-Pad114)")
    (add_net "Net-(U603-Pad115)")
    (add_net "Net-(U603-Pad116)")
    (add_net "Net-(U603-Pad117)")
    (add_net "Net-(U603-Pad118)")
    (add_net "Net-(U603-Pad119)")
    (add_net "Net-(U603-Pad12)")
    (add_net "Net-(U603-Pad122)")
    (add_net "Net-(U603-Pad123)")
    (add_net "Net-(U603-Pad124)")
    (add_net "Net-(U603-Pad125)")
    (add_net "Net-(U603-Pad127)")
    (add_net "Net-(U603-Pad13)")
    (add_net "Net-(U603-Pad132)")
    (add_net "Net-(U603-Pad134)")
    (add_net "Net-(U603-Pad135)")
    (add_net "Net-(U603-Pad136)")
    (add_net "Net-(U603-Pad137)")
    (add_net "Net-(U603-Pad139)")
    (add_net "Net-(U603-Pad14)")
    (add_net "Net-(U603-Pad140)")
    (add_net "Net-(U603-Pad141)")
    (add_net "Net-(U603-Pad142)")
    (add_net "Net-(U603-Pad15)")
    (add_net "Net-(U603-Pad18)")
    (add_net "Net-(U603-Pad2)")
    (add_net "Net-(U603-Pad22)")
    (add_net "Net-(U603-Pad26)")
    (add_net "Net-(U603-Pad28)")
    (add_net "Net-(U603-Pad29)")
    (add_net "Net-(U603-Pad3)")
    (add_net "Net-(U603-Pad34)")
    (add_net "Net-(U603-Pad37)")
    (add_net "Net-(U603-Pad40)")
    (add_net "Net-(U603-Pad41)")
    (add_net "Net-(U603-Pad42)")
    (add_net "Net-(U603-Pad47)")
    (add_net "Net-(U603-Pad48)")
    (add_net "Net-(U603-Pad49)")
    (add_net "Net-(U603-Pad50)")
    (add_net "Net-(U603-Pad60)")
    (add_net "Net-(U603-Pad7)")
    (add_net "Net-(U603-Pad79)")
    (add_net "Net-(U603-Pad8)")
    (add_net "Net-(U603-Pad85)")
    (add_net "Net-(U603-Pad86)")
    (add_net "Net-(U603-Pad87)")
    (add_net "Net-(U603-Pad88)")
    (add_net "Net-(U603-Pad89)")
    (add_net "Net-(U603-Pad9)")
    (add_net "Net-(U603-Pad90)")
    (add_net "Net-(U603-Pad91)")
    (add_net "Net-(U603-Pad92)")
    (add_net "Net-(U603-Pad93)")
    (add_net "Net-(U603-Pad96)")
    (add_net "Net-(U603-Pad97)")
    (add_net "Net-(U603-Pad98)")
    (add_net "Net-(U603-Pad99)")
    (add_net VCCQ)
  )

  (net_class "Relay signal 100V" ""
    (clearance 0.3)
    (trace_width 0.254)
    (via_dia 0.8)
    (via_drill 0.4)
    (uvia_dia 0.3)
    (uvia_drill 0.1)
    (add_net /Connector/A)
    (add_net /Connector/B)
    (add_net /Connector/C)
    (add_net /Connector/D)
    (add_net /Connector/E)
    (add_net /Connector/F)
    (add_net /Relays/PIN1)
    (add_net /Relays/PIN10)
    (add_net /Relays/PIN10A)
    (add_net /Relays/PIN10B)
    (add_net /Relays/PIN10C)
    (add_net /Relays/PIN11)
    (add_net /Relays/PIN12)
    (add_net /Relays/PIN13)
    (add_net /Relays/PIN14)
    (add_net /Relays/PIN15)
    (add_net /Relays/PIN16)
    (add_net /Relays/PIN17)
    (add_net /Relays/PIN18)
    (add_net /Relays/PIN19)
    (add_net /Relays/PIN2)
    (add_net /Relays/PIN20)
    (add_net /Relays/PIN3)
    (add_net /Relays/PIN4)
    (add_net /Relays/PIN5)
    (add_net /Relays/PIN6)
    (add_net /Relays/PIN7)
    (add_net /Relays/PIN8)
    (add_net /Relays/PIN9)
    (add_net "Net-(F501-Pad1)")
    (add_net "Net-(F502-Pad1)")
    (add_net "Net-(F503-Pad1)")
    (add_net "Net-(F504-Pad1)")
    (add_net "Net-(F505-Pad1)")
    (add_net "Net-(F506-Pad1)")
  )

  (module LED_SMD:LED_0603_1608Metric_Pad1.05x0.95mm_HandSolder (layer Top) (tedit 5F68FEF1) (tstamp 6024DFD0)
    (at 63.5 119.507 180)
    (descr "LED SMD 0603 (1608 Metric), square (rectangular) end terminal, IPC_7351 nominal, (Body size source: http://www.tortai-tech.com/upload/download/2011102023233369053.pdf), generated with kicad-footprint-generator")
    (tags "LED handsolder")
    (path /5D6CF55B/617A9BE6)
    (attr smd)
    (fp_text reference D603 (at 0 1.27) (layer F.SilkS)
      (effects (font (size 0.6 0.6) (thickness 0.12)))
    )
    (fp_text value BLUE (at 0 1.43) (layer F.Fab)
      (effects (font (size 1 1) (thickness 0.15)))
    )
    (fp_text user %R (at 0 0) (layer F.Fab)
      (effects (font (size 0.4 0.4) (thickness 0.06)))
    )
    (fp_line (start 0.8 -0.4) (end -0.5 -0.4) (layer F.Fab) (width 0.1))
    (fp_line (start -0.5 -0.4) (end -0.8 -0.1) (layer F.Fab) (width 0.1))
    (fp_line (start -0.8 -0.1) (end -0.8 0.4) (layer F.Fab) (width 0.1))
    (fp_line (start -0.8 0.4) (end 0.8 0.4) (layer F.Fab) (width 0.1))
    (fp_line (start 0.8 0.4) (end 0.8 -0.4) (layer F.Fab) (width 0.1))
    (fp_line (start 0.8 -0.735) (end -1.66 -0.735) (layer F.SilkS) (width 0.12))
    (fp_line (start -1.66 -0.735) (end -1.66 0.735) (layer F.SilkS) (width 0.12))
    (fp_line (start -1.66 0.735) (end 0.8 0.735) (layer F.SilkS) (width 0.12))
    (fp_line (start -1.65 0.73) (end -1.65 -0.73) (layer F.CrtYd) (width 0.05))
    (fp_line (start -1.65 -0.73) (end 1.65 -0.73) (layer F.CrtYd) (width 0.05))
    (fp_line (start 1.65 -0.73) (end 1.65 0.73) (layer F.CrtYd) (width 0.05))
    (fp_line (start 1.65 0.73) (end -1.65 0.73) (layer F.CrtYd) (width 0.05))
    (pad 2 smd roundrect (at 0.875 0 180) (size 1.05 0.95) (layers Top F.Paste F.Mask) (roundrect_rratio 0.25)
      (net 2 +3V3))
    (pad 1 smd roundrect (at -0.875 0 180) (size 1.05 0.95) (layers Top F.Paste F.Mask) (roundrect_rratio 0.25)
      (net 199 "Net-(D603-Pad1)"))
    (model ${KISYS3DMOD}/LED_SMD.3dshapes/LED_0603_1608Metric.wrl
      (at (xyz 0 0 0))
      (scale (xyz 1 1 1))
      (rotate (xyz 0 0 0))
    )
  )

  (module LED_SMD:LED_0603_1608Metric_Pad1.05x0.95mm_HandSolder (layer Top) (tedit 5F68FEF1) (tstamp 6024DFA6)
    (at 63.5 116.713 180)
    (descr "LED SMD 0603 (1608 Metric), square (rectangular) end terminal, IPC_7351 nominal, (Body size source: http://www.tortai-tech.com/upload/download/2011102023233369053.pdf), generated with kicad-footprint-generator")
    (tags "LED handsolder")
    (path /5D6CF55B/615C5E94)
    (attr smd)
    (fp_text reference D602 (at 0 1.27) (layer F.SilkS)
      (effects (font (size 0.6 0.6) (thickness 0.12)))
    )
    (fp_text value GREEN (at 0 1.43) (layer F.Fab)
      (effects (font (size 1 1) (thickness 0.15)))
    )
    (fp_text user %R (at 0 0) (layer F.Fab)
      (effects (font (size 0.4 0.4) (thickness 0.06)))
    )
    (fp_line (start 0.8 -0.4) (end -0.5 -0.4) (layer F.Fab) (width 0.1))
    (fp_line (start -0.5 -0.4) (end -0.8 -0.1) (layer F.Fab) (width 0.1))
    (fp_line (start -0.8 -0.1) (end -0.8 0.4) (layer F.Fab) (width 0.1))
    (fp_line (start -0.8 0.4) (end 0.8 0.4) (layer F.Fab) (width 0.1))
    (fp_line (start 0.8 0.4) (end 0.8 -0.4) (layer F.Fab) (width 0.1))
    (fp_line (start 0.8 -0.735) (end -1.66 -0.735) (layer F.SilkS) (width 0.12))
    (fp_line (start -1.66 -0.735) (end -1.66 0.735) (layer F.SilkS) (width 0.12))
    (fp_line (start -1.66 0.735) (end 0.8 0.735) (layer F.SilkS) (width 0.12))
    (fp_line (start -1.65 0.73) (end -1.65 -0.73) (layer F.CrtYd) (width 0.05))
    (fp_line (start -1.65 -0.73) (end 1.65 -0.73) (layer F.CrtYd) (width 0.05))
    (fp_line (start 1.65 -0.73) (end 1.65 0.73) (layer F.CrtYd) (width 0.05))
    (fp_line (start 1.65 0.73) (end -1.65 0.73) (layer F.CrtYd) (width 0.05))
    (pad 2 smd roundrect (at 0.875 0 180) (size 1.05 0.95) (layers Top F.Paste F.Mask) (roundrect_rratio 0.25)
      (net 2 +3V3))
    (pad 1 smd roundrect (at -0.875 0 180) (size 1.05 0.95) (layers Top F.Paste F.Mask) (roundrect_rratio 0.25)
      (net 198 "Net-(D602-Pad1)"))
    (model ${KISYS3DMOD}/LED_SMD.3dshapes/LED_0603_1608Metric.wrl
      (at (xyz 0 0 0))
      (scale (xyz 1 1 1))
      (rotate (xyz 0 0 0))
    )
  )

  (module LED_SMD:LED_0603_1608Metric_Pad1.05x0.95mm_HandSolder (layer Top) (tedit 5F68FEF1) (tstamp 6024DF7C)
    (at 63.5 113.665 180)
    (descr "LED SMD 0603 (1608 Metric), square (rectangular) end terminal, IPC_7351 nominal, (Body size source: http://www.tortai-tech.com/upload/download/2011102023233369053.pdf), generated with kicad-footprint-generator")
    (tags "LED handsolder")
    (path /5D6CF55B/614FDF29)
    (attr smd)
    (fp_text reference D601 (at 0 1.27) (layer F.SilkS)
      (effects (font (size 0.6 0.6) (thickness 0.12)))
    )
    (fp_text value RED (at 0 1.43) (layer F.Fab)
      (effects (font (size 1 1) (thickness 0.15)))
    )
    (fp_text user %R (at 0 0) (layer F.Fab)
      (effects (font (size 0.4 0.4) (thickness 0.06)))
    )
    (fp_line (start 0.8 -0.4) (end -0.5 -0.4) (layer F.Fab) (width 0.1))
    (fp_line (start -0.5 -0.4) (end -0.8 -0.1) (layer F.Fab) (width 0.1))
    (fp_line (start -0.8 -0.1) (end -0.8 0.4) (layer F.Fab) (width 0.1))
    (fp_line (start -0.8 0.4) (end 0.8 0.4) (layer F.Fab) (width 0.1))
    (fp_line (start 0.8 0.4) (end 0.8 -0.4) (layer F.Fab) (width 0.1))
    (fp_line (start 0.8 -0.735) (end -1.66 -0.735) (layer F.SilkS) (width 0.12))
    (fp_line (start -1.66 -0.735) (end -1.66 0.735) (layer F.SilkS) (width 0.12))
    (fp_line (start -1.66 0.735) (end 0.8 0.735) (layer F.SilkS) (width 0.12))
    (fp_line (start -1.65 0.73) (end -1.65 -0.73) (layer F.CrtYd) (width 0.05))
    (fp_line (start -1.65 -0.73) (end 1.65 -0.73) (layer F.CrtYd) (width 0.05))
    (fp_line (start 1.65 -0.73) (end 1.65 0.73) (layer F.CrtYd) (width 0.05))
    (fp_line (start 1.65 0.73) (end -1.65 0.73) (layer F.CrtYd) (width 0.05))
    (pad 2 smd roundrect (at 0.875 0 180) (size 1.05 0.95) (layers Top F.Paste F.Mask) (roundrect_rratio 0.25)
      (net 2 +3V3))
    (pad 1 smd roundrect (at -0.875 0 180) (size 1.05 0.95) (layers Top F.Paste F.Mask) (roundrect_rratio 0.25)
      (net 197 "Net-(D601-Pad1)"))
    (model ${KISYS3DMOD}/LED_SMD.3dshapes/LED_0603_1608Metric.wrl
      (at (xyz 0 0 0))
      (scale (xyz 1 1 1))
      (rotate (xyz 0 0 0))
    )
  )

  (module Resistor_SMD:R_0603_1608Metric_Pad0.98x0.95mm_HandSolder (layer Bottom) (tedit 5F68FEEE) (tstamp 5D74E4FC)
    (at 138.684 131.05 270)
    (descr "Resistor SMD 0603 (1608 Metric), square (rectangular) end terminal, IPC_7351 nominal with elongated pad for handsoldering. (Body size source: IPC-SM-782 page 72, https://www.pcb-3d.com/wordpress/wp-content/uploads/ipc-sm-782a_amendment_1_and_2.pdf), generated with kicad-footprint-generator")
    (tags "resistor handsolder")
    (path /5D6CF55B/5E46DFC0)
    (attr smd)
    (fp_text reference R609 (at 0 1.43 90) (layer B.SilkS)
      (effects (font (size 1 1) (thickness 0.15)) (justify mirror))
    )
    (fp_text value 10k (at 0 -1.43 90) (layer B.Fab)
      (effects (font (size 1 1) (thickness 0.15)) (justify mirror))
    )
    (fp_text user %R (at 0 0 90) (layer B.Fab)
      (effects (font (size 0.4 0.4) (thickness 0.06)) (justify mirror))
    )
    (fp_line (start -0.8 -0.4125) (end -0.8 0.4125) (layer B.Fab) (width 0.1))
    (fp_line (start -0.8 0.4125) (end 0.8 0.4125) (layer B.Fab) (width 0.1))
    (fp_line (start 0.8 0.4125) (end 0.8 -0.4125) (layer B.Fab) (width 0.1))
    (fp_line (start 0.8 -0.4125) (end -0.8 -0.4125) (layer B.Fab) (width 0.1))
    (fp_line (start -0.254724 0.5225) (end 0.254724 0.5225) (layer B.SilkS) (width 0.12))
    (fp_line (start -0.254724 -0.5225) (end 0.254724 -0.5225) (layer B.SilkS) (width 0.12))
    (fp_line (start -1.65 -0.73) (end -1.65 0.73) (layer B.CrtYd) (width 0.05))
    (fp_line (start -1.65 0.73) (end 1.65 0.73) (layer B.CrtYd) (width 0.05))
    (fp_line (start 1.65 0.73) (end 1.65 -0.73) (layer B.CrtYd) (width 0.05))
    (fp_line (start 1.65 -0.73) (end -1.65 -0.73) (layer B.CrtYd) (width 0.05))
    (pad 2 smd roundrect (at 0.9125 0 270) (size 0.975 0.95) (layers Bottom B.Paste B.Mask) (roundrect_rratio 0.25)
      (net 63 /MCU/MCU_DEFAULT))
    (pad 1 smd roundrect (at -0.9125 0 270) (size 0.975 0.95) (layers Bottom B.Paste B.Mask) (roundrect_rratio 0.25)
      (net 2 +3V3))
    (model ${KISYS3DMOD}/Resistor_SMD.3dshapes/R_0603_1608Metric.wrl
      (at (xyz 0 0 0))
      (scale (xyz 1 1 1))
      (rotate (xyz 0 0 0))
    )
  )

  (module Resistor_SMD:R_0603_1608Metric_Pad0.98x0.95mm_HandSolder (layer Bottom) (tedit 5F68FEEE) (tstamp 5D74E4D8)
    (at 178.308 115.076 90)
    (descr "Resistor SMD 0603 (1608 Metric), square (rectangular) end terminal, IPC_7351 nominal with elongated pad for handsoldering. (Body size source: IPC-SM-782 page 72, https://www.pcb-3d.com/wordpress/wp-content/uploads/ipc-sm-782a_amendment_1_and_2.pdf), generated with kicad-footprint-generator")
    (tags "resistor handsolder")
    (path /5D6CF55B/5D624628)
    (attr smd)
    (fp_text reference R608 (at 0 1.43 90) (layer B.SilkS)
      (effects (font (size 1 1) (thickness 0.15)) (justify mirror))
    )
    (fp_text value 10k (at 0 -1.43 90) (layer B.Fab)
      (effects (font (size 1 1) (thickness 0.15)) (justify mirror))
    )
    (fp_text user %R (at 0 0 90) (layer B.Fab)
      (effects (font (size 0.4 0.4) (thickness 0.06)) (justify mirror))
    )
    (fp_line (start -0.8 -0.4125) (end -0.8 0.4125) (layer B.Fab) (width 0.1))
    (fp_line (start -0.8 0.4125) (end 0.8 0.4125) (layer B.Fab) (width 0.1))
    (fp_line (start 0.8 0.4125) (end 0.8 -0.4125) (layer B.Fab) (width 0.1))
    (fp_line (start 0.8 -0.4125) (end -0.8 -0.4125) (layer B.Fab) (width 0.1))
    (fp_line (start -0.254724 0.5225) (end 0.254724 0.5225) (layer B.SilkS) (width 0.12))
    (fp_line (start -0.254724 -0.5225) (end 0.254724 -0.5225) (layer B.SilkS) (width 0.12))
    (fp_line (start -1.65 -0.73) (end -1.65 0.73) (layer B.CrtYd) (width 0.05))
    (fp_line (start -1.65 0.73) (end 1.65 0.73) (layer B.CrtYd) (width 0.05))
    (fp_line (start 1.65 0.73) (end 1.65 -0.73) (layer B.CrtYd) (width 0.05))
    (fp_line (start 1.65 -0.73) (end -1.65 -0.73) (layer B.CrtYd) (width 0.05))
    (pad 2 smd roundrect (at 0.9125 0 90) (size 0.975 0.95) (layers Bottom B.Paste B.Mask) (roundrect_rratio 0.25)
      (net 1 GND))
    (pad 1 smd roundrect (at -0.9125 0 90) (size 0.975 0.95) (layers Bottom B.Paste B.Mask) (roundrect_rratio 0.25)
      (net 156 "Net-(R608-Pad1)"))
    (model ${KISYS3DMOD}/Resistor_SMD.3dshapes/R_0603_1608Metric.wrl
      (at (xyz 0 0 0))
      (scale (xyz 1 1 1))
      (rotate (xyz 0 0 0))
    )
  )

  (module Resistor_SMD:R_0603_1608Metric_Pad0.98x0.95mm_HandSolder (layer Top) (tedit 5F68FEEE) (tstamp 6024F0A3)
    (at 67.183 119.507)
    (descr "Resistor SMD 0603 (1608 Metric), square (rectangular) end terminal, IPC_7351 nominal with elongated pad for handsoldering. (Body size source: IPC-SM-782 page 72, https://www.pcb-3d.com/wordpress/wp-content/uploads/ipc-sm-782a_amendment_1_and_2.pdf), generated with kicad-footprint-generator")
    (tags "resistor handsolder")
    (path /5D6CF55B/61428591)
    (attr smd)
    (fp_text reference R605 (at 0 -1.143) (layer F.SilkS)
      (effects (font (size 0.6 0.6) (thickness 0.12)))
    )
    (fp_text value 680 (at 0 1.43) (layer F.Fab)
      (effects (font (size 1 1) (thickness 0.15)))
    )
    (fp_text user %R (at 0 0) (layer F.Fab)
      (effects (font (size 0.4 0.4) (thickness 0.06)))
    )
    (fp_line (start -0.8 0.4125) (end -0.8 -0.4125) (layer F.Fab) (width 0.1))
    (fp_line (start -0.8 -0.4125) (end 0.8 -0.4125) (layer F.Fab) (width 0.1))
    (fp_line (start 0.8 -0.4125) (end 0.8 0.4125) (layer F.Fab) (width 0.1))
    (fp_line (start 0.8 0.4125) (end -0.8 0.4125) (layer F.Fab) (width 0.1))
    (fp_line (start -0.254724 -0.5225) (end 0.254724 -0.5225) (layer F.SilkS) (width 0.12))
    (fp_line (start -0.254724 0.5225) (end 0.254724 0.5225) (layer F.SilkS) (width 0.12))
    (fp_line (start -1.65 0.73) (end -1.65 -0.73) (layer F.CrtYd) (width 0.05))
    (fp_line (start -1.65 -0.73) (end 1.65 -0.73) (layer F.CrtYd) (width 0.05))
    (fp_line (start 1.65 -0.73) (end 1.65 0.73) (layer F.CrtYd) (width 0.05))
    (fp_line (start 1.65 0.73) (end -1.65 0.73) (layer F.CrtYd) (width 0.05))
    (pad 2 smd roundrect (at 0.9125 0) (size 0.975 0.95) (layers Top F.Paste F.Mask) (roundrect_rratio 0.25)
      (net 202 "Net-(R605-Pad2)"))
    (pad 1 smd roundrect (at -0.9125 0) (size 0.975 0.95) (layers Top F.Paste F.Mask) (roundrect_rratio 0.25)
      (net 199 "Net-(D603-Pad1)"))
    (model ${KISYS3DMOD}/Resistor_SMD.3dshapes/R_0603_1608Metric.wrl
      (at (xyz 0 0 0))
      (scale (xyz 1 1 1))
      (rotate (xyz 0 0 0))
    )
  )

  (module Resistor_SMD:R_0603_1608Metric_Pad0.98x0.95mm_HandSolder (layer Bottom) (tedit 5F68FEEE) (tstamp 5D74E480)
    (at 155.575 131.205 270)
    (descr "Resistor SMD 0603 (1608 Metric), square (rectangular) end terminal, IPC_7351 nominal with elongated pad for handsoldering. (Body size source: IPC-SM-782 page 72, https://www.pcb-3d.com/wordpress/wp-content/uploads/ipc-sm-782a_amendment_1_and_2.pdf), generated with kicad-footprint-generator")
    (tags "resistor handsolder")
    (path /5D6CF55B/5D7471E3)
    (attr smd)
    (fp_text reference R604 (at 0.24 1.143 90) (layer B.SilkS)
      (effects (font (size 0.6 0.6) (thickness 0.12)) (justify mirror))
    )
    (fp_text value 10k (at 0 -1.43 90) (layer B.Fab)
      (effects (font (size 1 1) (thickness 0.15)) (justify mirror))
    )
    (fp_text user %R (at 0 0 90) (layer B.Fab)
      (effects (font (size 0.4 0.4) (thickness 0.06)) (justify mirror))
    )
    (fp_line (start -0.8 -0.4125) (end -0.8 0.4125) (layer B.Fab) (width 0.1))
    (fp_line (start -0.8 0.4125) (end 0.8 0.4125) (layer B.Fab) (width 0.1))
    (fp_line (start 0.8 0.4125) (end 0.8 -0.4125) (layer B.Fab) (width 0.1))
    (fp_line (start 0.8 -0.4125) (end -0.8 -0.4125) (layer B.Fab) (width 0.1))
    (fp_line (start -0.254724 0.5225) (end 0.254724 0.5225) (layer B.SilkS) (width 0.12))
    (fp_line (start -0.254724 -0.5225) (end 0.254724 -0.5225) (layer B.SilkS) (width 0.12))
    (fp_line (start -1.65 -0.73) (end -1.65 0.73) (layer B.CrtYd) (width 0.05))
    (fp_line (start -1.65 0.73) (end 1.65 0.73) (layer B.CrtYd) (width 0.05))
    (fp_line (start 1.65 0.73) (end 1.65 -0.73) (layer B.CrtYd) (width 0.05))
    (fp_line (start 1.65 -0.73) (end -1.65 -0.73) (layer B.CrtYd) (width 0.05))
    (pad 2 smd roundrect (at 0.9125 0 270) (size 0.975 0.95) (layers Bottom B.Paste B.Mask) (roundrect_rratio 0.25)
      (net 144 /Ethernet/NRST))
    (pad 1 smd roundrect (at -0.9125 0 270) (size 0.975 0.95) (layers Bottom B.Paste B.Mask) (roundrect_rratio 0.25)
      (net 2 +3V3))
    (model ${KISYS3DMOD}/Resistor_SMD.3dshapes/R_0603_1608Metric.wrl
      (at (xyz 0 0 0))
      (scale (xyz 1 1 1))
      (rotate (xyz 0 0 0))
    )
  )

  (module Resistor_SMD:R_0603_1608Metric_Pad0.98x0.95mm_HandSolder (layer Top) (tedit 5F68FEEE) (tstamp 6024F082)
    (at 67.183 116.713)
    (descr "Resistor SMD 0603 (1608 Metric), square (rectangular) end terminal, IPC_7351 nominal with elongated pad for handsoldering. (Body size source: IPC-SM-782 page 72, https://www.pcb-3d.com/wordpress/wp-content/uploads/ipc-sm-782a_amendment_1_and_2.pdf), generated with kicad-footprint-generator")
    (tags "resistor handsolder")
    (path /5D6CF55B/614276DA)
    (attr smd)
    (fp_text reference R603 (at 0 -1.143) (layer F.SilkS)
      (effects (font (size 0.6 0.6) (thickness 0.12)))
    )
    (fp_text value 680 (at 0 1.43) (layer F.Fab)
      (effects (font (size 1 1) (thickness 0.15)))
    )
    (fp_text user %R (at 0 0) (layer F.Fab)
      (effects (font (size 0.4 0.4) (thickness 0.06)))
    )
    (fp_line (start -0.8 0.4125) (end -0.8 -0.4125) (layer F.Fab) (width 0.1))
    (fp_line (start -0.8 -0.4125) (end 0.8 -0.4125) (layer F.Fab) (width 0.1))
    (fp_line (start 0.8 -0.4125) (end 0.8 0.4125) (layer F.Fab) (width 0.1))
    (fp_line (start 0.8 0.4125) (end -0.8 0.4125) (layer F.Fab) (width 0.1))
    (fp_line (start -0.254724 -0.5225) (end 0.254724 -0.5225) (layer F.SilkS) (width 0.12))
    (fp_line (start -0.254724 0.5225) (end 0.254724 0.5225) (layer F.SilkS) (width 0.12))
    (fp_line (start -1.65 0.73) (end -1.65 -0.73) (layer F.CrtYd) (width 0.05))
    (fp_line (start -1.65 -0.73) (end 1.65 -0.73) (layer F.CrtYd) (width 0.05))
    (fp_line (start 1.65 -0.73) (end 1.65 0.73) (layer F.CrtYd) (width 0.05))
    (fp_line (start 1.65 0.73) (end -1.65 0.73) (layer F.CrtYd) (width 0.05))
    (pad 2 smd roundrect (at 0.9125 0) (size 0.975 0.95) (layers Top F.Paste F.Mask) (roundrect_rratio 0.25)
      (net 201 "Net-(R603-Pad2)"))
    (pad 1 smd roundrect (at -0.9125 0) (size 0.975 0.95) (layers Top F.Paste F.Mask) (roundrect_rratio 0.25)
      (net 198 "Net-(D602-Pad1)"))
    (model ${KISYS3DMOD}/Resistor_SMD.3dshapes/R_0603_1608Metric.wrl
      (at (xyz 0 0 0))
      (scale (xyz 1 1 1))
      (rotate (xyz 0 0 0))
    )
  )

  (module Resistor_SMD:R_0603_1608Metric_Pad0.98x0.95mm_HandSolder (layer Top) (tedit 5F68FEEE) (tstamp 6024F071)
    (at 67.183 113.665)
    (descr "Resistor SMD 0603 (1608 Metric), square (rectangular) end terminal, IPC_7351 nominal with elongated pad for handsoldering. (Body size source: IPC-SM-782 page 72, https://www.pcb-3d.com/wordpress/wp-content/uploads/ipc-sm-782a_amendment_1_and_2.pdf), generated with kicad-footprint-generator")
    (tags "resistor handsolder")
    (path /5D6CF55B/61421461)
    (attr smd)
    (fp_text reference R602 (at 0 -1.143) (layer F.SilkS)
      (effects (font (size 0.6 0.6) (thickness 0.12)))
    )
    (fp_text value 680 (at 0 1.43) (layer F.Fab)
      (effects (font (size 1 1) (thickness 0.15)))
    )
    (fp_text user %R (at 0 0) (layer F.Fab)
      (effects (font (size 0.4 0.4) (thickness 0.06)))
    )
    (fp_line (start -0.8 0.4125) (end -0.8 -0.4125) (layer F.Fab) (width 0.1))
    (fp_line (start -0.8 -0.4125) (end 0.8 -0.4125) (layer F.Fab) (width 0.1))
    (fp_line (start 0.8 -0.4125) (end 0.8 0.4125) (layer F.Fab) (width 0.1))
    (fp_line (start 0.8 0.4125) (end -0.8 0.4125) (layer F.Fab) (width 0.1))
    (fp_line (start -0.254724 -0.5225) (end 0.254724 -0.5225) (layer F.SilkS) (width 0.12))
    (fp_line (start -0.254724 0.5225) (end 0.254724 0.5225) (layer F.SilkS) (width 0.12))
    (fp_line (start -1.65 0.73) (end -1.65 -0.73) (layer F.CrtYd) (width 0.05))
    (fp_line (start -1.65 -0.73) (end 1.65 -0.73) (layer F.CrtYd) (width 0.05))
    (fp_line (start 1.65 -0.73) (end 1.65 0.73) (layer F.CrtYd) (width 0.05))
    (fp_line (start 1.65 0.73) (end -1.65 0.73) (layer F.CrtYd) (width 0.05))
    (pad 2 smd roundrect (at 0.9125 0) (size 0.975 0.95) (layers Top F.Paste F.Mask) (roundrect_rratio 0.25)
      (net 200 "Net-(R602-Pad2)"))
    (pad 1 smd roundrect (at -0.9125 0) (size 0.975 0.95) (layers Top F.Paste F.Mask) (roundrect_rratio 0.25)
      (net 197 "Net-(D601-Pad1)"))
    (model ${KISYS3DMOD}/Resistor_SMD.3dshapes/R_0603_1608Metric.wrl
      (at (xyz 0 0 0))
      (scale (xyz 1 1 1))
      (rotate (xyz 0 0 0))
    )
  )

  (module Resistor_SMD:R_0603_1608Metric_Pad0.98x0.95mm_HandSolder (layer Bottom) (tedit 5F68FEEE) (tstamp 5D74E44C)
    (at 172.72 118.364 180)
    (descr "Resistor SMD 0603 (1608 Metric), square (rectangular) end terminal, IPC_7351 nominal with elongated pad for handsoldering. (Body size source: IPC-SM-782 page 72, https://www.pcb-3d.com/wordpress/wp-content/uploads/ipc-sm-782a_amendment_1_and_2.pdf), generated with kicad-footprint-generator")
    (tags "resistor handsolder")
    (path /5D6CF55B/5D958208)
    (attr smd)
    (fp_text reference R601 (at 0 1.43) (layer B.SilkS)
      (effects (font (size 1 1) (thickness 0.15)) (justify mirror))
    )
    (fp_text value 10k (at 0 -1.43) (layer B.Fab)
      (effects (font (size 1 1) (thickness 0.15)) (justify mirror))
    )
    (fp_text user %R (at 0 0) (layer B.Fab)
      (effects (font (size 0.4 0.4) (thickness 0.06)) (justify mirror))
    )
    (fp_line (start -0.8 -0.4125) (end -0.8 0.4125) (layer B.Fab) (width 0.1))
    (fp_line (start -0.8 0.4125) (end 0.8 0.4125) (layer B.Fab) (width 0.1))
    (fp_line (start 0.8 0.4125) (end 0.8 -0.4125) (layer B.Fab) (width 0.1))
    (fp_line (start 0.8 -0.4125) (end -0.8 -0.4125) (layer B.Fab) (width 0.1))
    (fp_line (start -0.254724 0.5225) (end 0.254724 0.5225) (layer B.SilkS) (width 0.12))
    (fp_line (start -0.254724 -0.5225) (end 0.254724 -0.5225) (layer B.SilkS) (width 0.12))
    (fp_line (start -1.65 -0.73) (end -1.65 0.73) (layer B.CrtYd) (width 0.05))
    (fp_line (start -1.65 0.73) (end 1.65 0.73) (layer B.CrtYd) (width 0.05))
    (fp_line (start 1.65 0.73) (end 1.65 -0.73) (layer B.CrtYd) (width 0.05))
    (fp_line (start 1.65 -0.73) (end -1.65 -0.73) (layer B.CrtYd) (width 0.05))
    (pad 2 smd roundrect (at 0.9125 0 180) (size 0.975 0.95) (layers Bottom B.Paste B.Mask) (roundrect_rratio 0.25)
      (net 121 /MCU/MCU_SPI3_MISO))
    (pad 1 smd roundrect (at -0.9125 0 180) (size 0.975 0.95) (layers Bottom B.Paste B.Mask) (roundrect_rratio 0.25)
      (net 2 +3V3))
    (model ${KISYS3DMOD}/Resistor_SMD.3dshapes/R_0603_1608Metric.wrl
      (at (xyz 0 0 0))
      (scale (xyz 1 1 1))
      (rotate (xyz 0 0 0))
    )
  )

